{
 "cells": [
  {
   "cell_type": "code",
   "execution_count": 130,
   "metadata": {},
   "outputs": [],
   "source": [
    "%matplotlib inline\n",
    "import pandas as pd\n",
    "import numpy as np\n",
    "import matplotlib.pyplot as plt\n",
    "from datetime import datetime, timedelta"
   ]
  },
  {
   "cell_type": "code",
   "execution_count": 131,
   "metadata": {},
   "outputs": [
    {
     "data": {
      "text/html": [
       "<div>\n",
       "<style scoped>\n",
       "    .dataframe tbody tr th:only-of-type {\n",
       "        vertical-align: middle;\n",
       "    }\n",
       "\n",
       "    .dataframe tbody tr th {\n",
       "        vertical-align: top;\n",
       "    }\n",
       "\n",
       "    .dataframe thead th {\n",
       "        text-align: right;\n",
       "    }\n",
       "</style>\n",
       "<table border=\"1\" class=\"dataframe\">\n",
       "  <thead>\n",
       "    <tr style=\"text-align: right;\">\n",
       "      <th></th>\n",
       "      <th>date</th>\n",
       "      <th>open</th>\n",
       "      <th>high</th>\n",
       "      <th>low</th>\n",
       "      <th>close</th>\n",
       "      <th>volume_thousand</th>\n",
       "      <th>volume</th>\n",
       "    </tr>\n",
       "  </thead>\n",
       "  <tbody>\n",
       "    <tr>\n",
       "      <td>0</td>\n",
       "      <td>2015/04/16 09:14:00</td>\n",
       "      <td>2407.2</td>\n",
       "      <td>2407.2</td>\n",
       "      <td>2407.2</td>\n",
       "      <td>2407.2</td>\n",
       "      <td>78</td>\n",
       "      <td>78</td>\n",
       "    </tr>\n",
       "    <tr>\n",
       "      <td>1</td>\n",
       "      <td>2015/04/16 09:15:00</td>\n",
       "      <td>2426.4</td>\n",
       "      <td>2426.4</td>\n",
       "      <td>2396.2</td>\n",
       "      <td>2424.8</td>\n",
       "      <td>520</td>\n",
       "      <td>389</td>\n",
       "    </tr>\n",
       "    <tr>\n",
       "      <td>2</td>\n",
       "      <td>2015/04/16 09:16:00</td>\n",
       "      <td>2424.8</td>\n",
       "      <td>2472.2</td>\n",
       "      <td>2424.8</td>\n",
       "      <td>2464.0</td>\n",
       "      <td>659</td>\n",
       "      <td>662</td>\n",
       "    </tr>\n",
       "    <tr>\n",
       "      <td>3</td>\n",
       "      <td>2015/04/16 09:17:00</td>\n",
       "      <td>2463.2</td>\n",
       "      <td>2463.6</td>\n",
       "      <td>2428.6</td>\n",
       "      <td>2433.0</td>\n",
       "      <td>627</td>\n",
       "      <td>936</td>\n",
       "    </tr>\n",
       "    <tr>\n",
       "      <td>4</td>\n",
       "      <td>2015/04/16 09:18:00</td>\n",
       "      <td>2434.2</td>\n",
       "      <td>2439.4</td>\n",
       "      <td>2423.8</td>\n",
       "      <td>2428.8</td>\n",
       "      <td>536</td>\n",
       "      <td>1127</td>\n",
       "    </tr>\n",
       "  </tbody>\n",
       "</table>\n",
       "</div>"
      ],
      "text/plain": [
       "                  date    open    high     low   close  volume_thousand  \\\n",
       "0  2015/04/16 09:14:00  2407.2  2407.2  2407.2  2407.2               78   \n",
       "1  2015/04/16 09:15:00  2426.4  2426.4  2396.2  2424.8              520   \n",
       "2  2015/04/16 09:16:00  2424.8  2472.2  2424.8  2464.0              659   \n",
       "3  2015/04/16 09:17:00  2463.2  2463.6  2428.6  2433.0              627   \n",
       "4  2015/04/16 09:18:00  2434.2  2439.4  2423.8  2428.8              536   \n",
       "\n",
       "   volume  \n",
       "0      78  \n",
       "1     389  \n",
       "2     662  \n",
       "3     936  \n",
       "4    1127  "
      ]
     },
     "execution_count": 131,
     "metadata": {},
     "output_type": "execute_result"
    }
   ],
   "source": [
    "data = pd.read_csv(\"IC_IF_IH/IH-60-Difference-2.txt\")\n",
    "data.head()"
   ]
  },
  {
   "cell_type": "code",
   "execution_count": 132,
   "metadata": {},
   "outputs": [],
   "source": [
    "data['volume_total']=data.volume_thousand*1000+data.volume\n",
    "data.drop('volume_thousand',axis=1,inplace = True)\n",
    "data.drop('volume',axis=1,inplace = True)"
   ]
  },
  {
   "cell_type": "code",
   "execution_count": 133,
   "metadata": {},
   "outputs": [
    {
     "data": {
      "text/html": [
       "<div>\n",
       "<style scoped>\n",
       "    .dataframe tbody tr th:only-of-type {\n",
       "        vertical-align: middle;\n",
       "    }\n",
       "\n",
       "    .dataframe tbody tr th {\n",
       "        vertical-align: top;\n",
       "    }\n",
       "\n",
       "    .dataframe thead th {\n",
       "        text-align: right;\n",
       "    }\n",
       "</style>\n",
       "<table border=\"1\" class=\"dataframe\">\n",
       "  <thead>\n",
       "    <tr style=\"text-align: right;\">\n",
       "      <th></th>\n",
       "      <th>date</th>\n",
       "      <th>open</th>\n",
       "      <th>high</th>\n",
       "      <th>low</th>\n",
       "      <th>close</th>\n",
       "      <th>volume</th>\n",
       "    </tr>\n",
       "  </thead>\n",
       "  <tbody>\n",
       "    <tr>\n",
       "      <td>0</td>\n",
       "      <td>2015/04/16 09:14:00</td>\n",
       "      <td>2407.2</td>\n",
       "      <td>2407.2</td>\n",
       "      <td>2407.2</td>\n",
       "      <td>2407.2</td>\n",
       "      <td>78078</td>\n",
       "    </tr>\n",
       "    <tr>\n",
       "      <td>1</td>\n",
       "      <td>2015/04/16 09:15:00</td>\n",
       "      <td>2426.4</td>\n",
       "      <td>2426.4</td>\n",
       "      <td>2396.2</td>\n",
       "      <td>2424.8</td>\n",
       "      <td>520389</td>\n",
       "    </tr>\n",
       "    <tr>\n",
       "      <td>2</td>\n",
       "      <td>2015/04/16 09:16:00</td>\n",
       "      <td>2424.8</td>\n",
       "      <td>2472.2</td>\n",
       "      <td>2424.8</td>\n",
       "      <td>2464.0</td>\n",
       "      <td>659662</td>\n",
       "    </tr>\n",
       "    <tr>\n",
       "      <td>3</td>\n",
       "      <td>2015/04/16 09:17:00</td>\n",
       "      <td>2463.2</td>\n",
       "      <td>2463.6</td>\n",
       "      <td>2428.6</td>\n",
       "      <td>2433.0</td>\n",
       "      <td>627936</td>\n",
       "    </tr>\n",
       "    <tr>\n",
       "      <td>4</td>\n",
       "      <td>2015/04/16 09:18:00</td>\n",
       "      <td>2434.2</td>\n",
       "      <td>2439.4</td>\n",
       "      <td>2423.8</td>\n",
       "      <td>2428.8</td>\n",
       "      <td>537127</td>\n",
       "    </tr>\n",
       "    <tr>\n",
       "      <td>...</td>\n",
       "      <td>...</td>\n",
       "      <td>...</td>\n",
       "      <td>...</td>\n",
       "      <td>...</td>\n",
       "      <td>...</td>\n",
       "      <td>...</td>\n",
       "    </tr>\n",
       "    <tr>\n",
       "      <td>318998</td>\n",
       "      <td>2020/08/13 14:56:00</td>\n",
       "      <td>3235.6</td>\n",
       "      <td>3237.0</td>\n",
       "      <td>3235.2</td>\n",
       "      <td>3235.6</td>\n",
       "      <td>228910</td>\n",
       "    </tr>\n",
       "    <tr>\n",
       "      <td>318999</td>\n",
       "      <td>2020/08/13 14:57:00</td>\n",
       "      <td>3235.8</td>\n",
       "      <td>3236.2</td>\n",
       "      <td>3232.0</td>\n",
       "      <td>3233.4</td>\n",
       "      <td>253959</td>\n",
       "    </tr>\n",
       "    <tr>\n",
       "      <td>319000</td>\n",
       "      <td>2020/08/13 14:58:00</td>\n",
       "      <td>3233.2</td>\n",
       "      <td>3233.2</td>\n",
       "      <td>3230.2</td>\n",
       "      <td>3231.0</td>\n",
       "      <td>383054</td>\n",
       "    </tr>\n",
       "    <tr>\n",
       "      <td>319001</td>\n",
       "      <td>2020/08/13 14:59:00</td>\n",
       "      <td>3231.8</td>\n",
       "      <td>3233.0</td>\n",
       "      <td>3230.4</td>\n",
       "      <td>3232.0</td>\n",
       "      <td>280108</td>\n",
       "    </tr>\n",
       "    <tr>\n",
       "      <td>319002</td>\n",
       "      <td>2020/08/13 15:00:00</td>\n",
       "      <td>3232.2</td>\n",
       "      <td>3232.6</td>\n",
       "      <td>3227.2</td>\n",
       "      <td>3227.2</td>\n",
       "      <td>357172</td>\n",
       "    </tr>\n",
       "  </tbody>\n",
       "</table>\n",
       "<p>319003 rows × 6 columns</p>\n",
       "</div>"
      ],
      "text/plain": [
       "                       date    open    high     low   close  volume\n",
       "0       2015/04/16 09:14:00  2407.2  2407.2  2407.2  2407.2   78078\n",
       "1       2015/04/16 09:15:00  2426.4  2426.4  2396.2  2424.8  520389\n",
       "2       2015/04/16 09:16:00  2424.8  2472.2  2424.8  2464.0  659662\n",
       "3       2015/04/16 09:17:00  2463.2  2463.6  2428.6  2433.0  627936\n",
       "4       2015/04/16 09:18:00  2434.2  2439.4  2423.8  2428.8  537127\n",
       "...                     ...     ...     ...     ...     ...     ...\n",
       "318998  2020/08/13 14:56:00  3235.6  3237.0  3235.2  3235.6  228910\n",
       "318999  2020/08/13 14:57:00  3235.8  3236.2  3232.0  3233.4  253959\n",
       "319000  2020/08/13 14:58:00  3233.2  3233.2  3230.2  3231.0  383054\n",
       "319001  2020/08/13 14:59:00  3231.8  3233.0  3230.4  3232.0  280108\n",
       "319002  2020/08/13 15:00:00  3232.2  3232.6  3227.2  3227.2  357172\n",
       "\n",
       "[319003 rows x 6 columns]"
      ]
     },
     "execution_count": 133,
     "metadata": {},
     "output_type": "execute_result"
    }
   ],
   "source": [
    "data.rename(columns = {'volume_total':'volume'},inplace=True)\n",
    "data"
   ]
  },
  {
   "cell_type": "code",
   "execution_count": 134,
   "metadata": {},
   "outputs": [
    {
     "data": {
      "text/html": [
       "<div>\n",
       "<style scoped>\n",
       "    .dataframe tbody tr th:only-of-type {\n",
       "        vertical-align: middle;\n",
       "    }\n",
       "\n",
       "    .dataframe tbody tr th {\n",
       "        vertical-align: top;\n",
       "    }\n",
       "\n",
       "    .dataframe thead th {\n",
       "        text-align: right;\n",
       "    }\n",
       "</style>\n",
       "<table border=\"1\" class=\"dataframe\">\n",
       "  <thead>\n",
       "    <tr style=\"text-align: right;\">\n",
       "      <th></th>\n",
       "      <th>open</th>\n",
       "      <th>high</th>\n",
       "      <th>low</th>\n",
       "      <th>close</th>\n",
       "      <th>volume</th>\n",
       "      <th>Date</th>\n",
       "      <th>time</th>\n",
       "    </tr>\n",
       "  </thead>\n",
       "  <tbody>\n",
       "    <tr>\n",
       "      <td>0</td>\n",
       "      <td>2407.2</td>\n",
       "      <td>2407.2</td>\n",
       "      <td>2407.2</td>\n",
       "      <td>2407.2</td>\n",
       "      <td>78078</td>\n",
       "      <td>2015/04/16</td>\n",
       "      <td>09:14:00</td>\n",
       "    </tr>\n",
       "    <tr>\n",
       "      <td>1</td>\n",
       "      <td>2426.4</td>\n",
       "      <td>2426.4</td>\n",
       "      <td>2396.2</td>\n",
       "      <td>2424.8</td>\n",
       "      <td>520389</td>\n",
       "      <td>2015/04/16</td>\n",
       "      <td>09:15:00</td>\n",
       "    </tr>\n",
       "    <tr>\n",
       "      <td>2</td>\n",
       "      <td>2424.8</td>\n",
       "      <td>2472.2</td>\n",
       "      <td>2424.8</td>\n",
       "      <td>2464.0</td>\n",
       "      <td>659662</td>\n",
       "      <td>2015/04/16</td>\n",
       "      <td>09:16:00</td>\n",
       "    </tr>\n",
       "    <tr>\n",
       "      <td>3</td>\n",
       "      <td>2463.2</td>\n",
       "      <td>2463.6</td>\n",
       "      <td>2428.6</td>\n",
       "      <td>2433.0</td>\n",
       "      <td>627936</td>\n",
       "      <td>2015/04/16</td>\n",
       "      <td>09:17:00</td>\n",
       "    </tr>\n",
       "    <tr>\n",
       "      <td>4</td>\n",
       "      <td>2434.2</td>\n",
       "      <td>2439.4</td>\n",
       "      <td>2423.8</td>\n",
       "      <td>2428.8</td>\n",
       "      <td>537127</td>\n",
       "      <td>2015/04/16</td>\n",
       "      <td>09:18:00</td>\n",
       "    </tr>\n",
       "    <tr>\n",
       "      <td>...</td>\n",
       "      <td>...</td>\n",
       "      <td>...</td>\n",
       "      <td>...</td>\n",
       "      <td>...</td>\n",
       "      <td>...</td>\n",
       "      <td>...</td>\n",
       "      <td>...</td>\n",
       "    </tr>\n",
       "    <tr>\n",
       "      <td>318998</td>\n",
       "      <td>3235.6</td>\n",
       "      <td>3237.0</td>\n",
       "      <td>3235.2</td>\n",
       "      <td>3235.6</td>\n",
       "      <td>228910</td>\n",
       "      <td>2020/08/13</td>\n",
       "      <td>14:56:00</td>\n",
       "    </tr>\n",
       "    <tr>\n",
       "      <td>318999</td>\n",
       "      <td>3235.8</td>\n",
       "      <td>3236.2</td>\n",
       "      <td>3232.0</td>\n",
       "      <td>3233.4</td>\n",
       "      <td>253959</td>\n",
       "      <td>2020/08/13</td>\n",
       "      <td>14:57:00</td>\n",
       "    </tr>\n",
       "    <tr>\n",
       "      <td>319000</td>\n",
       "      <td>3233.2</td>\n",
       "      <td>3233.2</td>\n",
       "      <td>3230.2</td>\n",
       "      <td>3231.0</td>\n",
       "      <td>383054</td>\n",
       "      <td>2020/08/13</td>\n",
       "      <td>14:58:00</td>\n",
       "    </tr>\n",
       "    <tr>\n",
       "      <td>319001</td>\n",
       "      <td>3231.8</td>\n",
       "      <td>3233.0</td>\n",
       "      <td>3230.4</td>\n",
       "      <td>3232.0</td>\n",
       "      <td>280108</td>\n",
       "      <td>2020/08/13</td>\n",
       "      <td>14:59:00</td>\n",
       "    </tr>\n",
       "    <tr>\n",
       "      <td>319002</td>\n",
       "      <td>3232.2</td>\n",
       "      <td>3232.6</td>\n",
       "      <td>3227.2</td>\n",
       "      <td>3227.2</td>\n",
       "      <td>357172</td>\n",
       "      <td>2020/08/13</td>\n",
       "      <td>15:00:00</td>\n",
       "    </tr>\n",
       "  </tbody>\n",
       "</table>\n",
       "<p>319003 rows × 7 columns</p>\n",
       "</div>"
      ],
      "text/plain": [
       "          open    high     low   close  volume        Date      time\n",
       "0       2407.2  2407.2  2407.2  2407.2   78078  2015/04/16  09:14:00\n",
       "1       2426.4  2426.4  2396.2  2424.8  520389  2015/04/16  09:15:00\n",
       "2       2424.8  2472.2  2424.8  2464.0  659662  2015/04/16  09:16:00\n",
       "3       2463.2  2463.6  2428.6  2433.0  627936  2015/04/16  09:17:00\n",
       "4       2434.2  2439.4  2423.8  2428.8  537127  2015/04/16  09:18:00\n",
       "...        ...     ...     ...     ...     ...         ...       ...\n",
       "318998  3235.6  3237.0  3235.2  3235.6  228910  2020/08/13  14:56:00\n",
       "318999  3235.8  3236.2  3232.0  3233.4  253959  2020/08/13  14:57:00\n",
       "319000  3233.2  3233.2  3230.2  3231.0  383054  2020/08/13  14:58:00\n",
       "319001  3231.8  3233.0  3230.4  3232.0  280108  2020/08/13  14:59:00\n",
       "319002  3232.2  3232.6  3227.2  3227.2  357172  2020/08/13  15:00:00\n",
       "\n",
       "[319003 rows x 7 columns]"
      ]
     },
     "execution_count": 134,
     "metadata": {},
     "output_type": "execute_result"
    }
   ],
   "source": [
    "data['Date'] = data['date'].map(lambda x:x.split(' ')[0])\n",
    "data['time'] = data['date'].map(lambda x:x.split(' ')[1])\n",
    "data.drop('date',axis=1,inplace = True)\n",
    "data"
   ]
  },
  {
   "cell_type": "code",
   "execution_count": 135,
   "metadata": {},
   "outputs": [
    {
     "data": {
      "text/html": [
       "<div>\n",
       "<style scoped>\n",
       "    .dataframe tbody tr th:only-of-type {\n",
       "        vertical-align: middle;\n",
       "    }\n",
       "\n",
       "    .dataframe tbody tr th {\n",
       "        vertical-align: top;\n",
       "    }\n",
       "\n",
       "    .dataframe thead th {\n",
       "        text-align: right;\n",
       "    }\n",
       "</style>\n",
       "<table border=\"1\" class=\"dataframe\">\n",
       "  <thead>\n",
       "    <tr style=\"text-align: right;\">\n",
       "      <th></th>\n",
       "      <th>date</th>\n",
       "      <th>time</th>\n",
       "      <th>open</th>\n",
       "      <th>high</th>\n",
       "      <th>low</th>\n",
       "      <th>close</th>\n",
       "      <th>volume</th>\n",
       "    </tr>\n",
       "  </thead>\n",
       "  <tbody>\n",
       "    <tr>\n",
       "      <td>0</td>\n",
       "      <td>2015/04/16</td>\n",
       "      <td>09:14:00</td>\n",
       "      <td>2407.2</td>\n",
       "      <td>2407.2</td>\n",
       "      <td>2407.2</td>\n",
       "      <td>2407.2</td>\n",
       "      <td>78078</td>\n",
       "    </tr>\n",
       "    <tr>\n",
       "      <td>1</td>\n",
       "      <td>2015/04/16</td>\n",
       "      <td>09:15:00</td>\n",
       "      <td>2426.4</td>\n",
       "      <td>2426.4</td>\n",
       "      <td>2396.2</td>\n",
       "      <td>2424.8</td>\n",
       "      <td>520389</td>\n",
       "    </tr>\n",
       "    <tr>\n",
       "      <td>2</td>\n",
       "      <td>2015/04/16</td>\n",
       "      <td>09:16:00</td>\n",
       "      <td>2424.8</td>\n",
       "      <td>2472.2</td>\n",
       "      <td>2424.8</td>\n",
       "      <td>2464.0</td>\n",
       "      <td>659662</td>\n",
       "    </tr>\n",
       "    <tr>\n",
       "      <td>3</td>\n",
       "      <td>2015/04/16</td>\n",
       "      <td>09:17:00</td>\n",
       "      <td>2463.2</td>\n",
       "      <td>2463.6</td>\n",
       "      <td>2428.6</td>\n",
       "      <td>2433.0</td>\n",
       "      <td>627936</td>\n",
       "    </tr>\n",
       "    <tr>\n",
       "      <td>4</td>\n",
       "      <td>2015/04/16</td>\n",
       "      <td>09:18:00</td>\n",
       "      <td>2434.2</td>\n",
       "      <td>2439.4</td>\n",
       "      <td>2423.8</td>\n",
       "      <td>2428.8</td>\n",
       "      <td>537127</td>\n",
       "    </tr>\n",
       "    <tr>\n",
       "      <td>...</td>\n",
       "      <td>...</td>\n",
       "      <td>...</td>\n",
       "      <td>...</td>\n",
       "      <td>...</td>\n",
       "      <td>...</td>\n",
       "      <td>...</td>\n",
       "      <td>...</td>\n",
       "    </tr>\n",
       "    <tr>\n",
       "      <td>318998</td>\n",
       "      <td>2020/08/13</td>\n",
       "      <td>14:56:00</td>\n",
       "      <td>3235.6</td>\n",
       "      <td>3237.0</td>\n",
       "      <td>3235.2</td>\n",
       "      <td>3235.6</td>\n",
       "      <td>228910</td>\n",
       "    </tr>\n",
       "    <tr>\n",
       "      <td>318999</td>\n",
       "      <td>2020/08/13</td>\n",
       "      <td>14:57:00</td>\n",
       "      <td>3235.8</td>\n",
       "      <td>3236.2</td>\n",
       "      <td>3232.0</td>\n",
       "      <td>3233.4</td>\n",
       "      <td>253959</td>\n",
       "    </tr>\n",
       "    <tr>\n",
       "      <td>319000</td>\n",
       "      <td>2020/08/13</td>\n",
       "      <td>14:58:00</td>\n",
       "      <td>3233.2</td>\n",
       "      <td>3233.2</td>\n",
       "      <td>3230.2</td>\n",
       "      <td>3231.0</td>\n",
       "      <td>383054</td>\n",
       "    </tr>\n",
       "    <tr>\n",
       "      <td>319001</td>\n",
       "      <td>2020/08/13</td>\n",
       "      <td>14:59:00</td>\n",
       "      <td>3231.8</td>\n",
       "      <td>3233.0</td>\n",
       "      <td>3230.4</td>\n",
       "      <td>3232.0</td>\n",
       "      <td>280108</td>\n",
       "    </tr>\n",
       "    <tr>\n",
       "      <td>319002</td>\n",
       "      <td>2020/08/13</td>\n",
       "      <td>15:00:00</td>\n",
       "      <td>3232.2</td>\n",
       "      <td>3232.6</td>\n",
       "      <td>3227.2</td>\n",
       "      <td>3227.2</td>\n",
       "      <td>357172</td>\n",
       "    </tr>\n",
       "  </tbody>\n",
       "</table>\n",
       "<p>319003 rows × 7 columns</p>\n",
       "</div>"
      ],
      "text/plain": [
       "              date      time    open    high     low   close  volume\n",
       "0       2015/04/16  09:14:00  2407.2  2407.2  2407.2  2407.2   78078\n",
       "1       2015/04/16  09:15:00  2426.4  2426.4  2396.2  2424.8  520389\n",
       "2       2015/04/16  09:16:00  2424.8  2472.2  2424.8  2464.0  659662\n",
       "3       2015/04/16  09:17:00  2463.2  2463.6  2428.6  2433.0  627936\n",
       "4       2015/04/16  09:18:00  2434.2  2439.4  2423.8  2428.8  537127\n",
       "...            ...       ...     ...     ...     ...     ...     ...\n",
       "318998  2020/08/13  14:56:00  3235.6  3237.0  3235.2  3235.6  228910\n",
       "318999  2020/08/13  14:57:00  3235.8  3236.2  3232.0  3233.4  253959\n",
       "319000  2020/08/13  14:58:00  3233.2  3233.2  3230.2  3231.0  383054\n",
       "319001  2020/08/13  14:59:00  3231.8  3233.0  3230.4  3232.0  280108\n",
       "319002  2020/08/13  15:00:00  3232.2  3232.6  3227.2  3227.2  357172\n",
       "\n",
       "[319003 rows x 7 columns]"
      ]
     },
     "execution_count": 135,
     "metadata": {},
     "output_type": "execute_result"
    }
   ],
   "source": [
    "data = data[['Date','time','open','high','low','close','volume']]\n",
    "data.rename(columns = {'Date':'date'},inplace=True)\n",
    "data"
   ]
  },
  {
   "cell_type": "code",
   "execution_count": 136,
   "metadata": {},
   "outputs": [],
   "source": [
    "def transform_to_date(x):\n",
    "    try:\n",
    "        return datetime.strptime(str(x), \"%Y/%m/%d\")\n",
    "    except Exception as e:\n",
    "        print(e)"
   ]
  },
  {
   "cell_type": "code",
   "execution_count": 137,
   "metadata": {},
   "outputs": [],
   "source": [
    "data['date'] = data['date'].map(\n",
    "    lambda x: transform_to_date(x)\n",
    ")"
   ]
  },
  {
   "cell_type": "code",
   "execution_count": 138,
   "metadata": {
    "scrolled": true
   },
   "outputs": [
    {
     "data": {
      "text/html": [
       "<div>\n",
       "<style scoped>\n",
       "    .dataframe tbody tr th:only-of-type {\n",
       "        vertical-align: middle;\n",
       "    }\n",
       "\n",
       "    .dataframe tbody tr th {\n",
       "        vertical-align: top;\n",
       "    }\n",
       "\n",
       "    .dataframe thead th {\n",
       "        text-align: right;\n",
       "    }\n",
       "</style>\n",
       "<table border=\"1\" class=\"dataframe\">\n",
       "  <thead>\n",
       "    <tr style=\"text-align: right;\">\n",
       "      <th></th>\n",
       "      <th>date</th>\n",
       "      <th>time</th>\n",
       "      <th>open</th>\n",
       "      <th>high</th>\n",
       "      <th>low</th>\n",
       "      <th>close</th>\n",
       "      <th>volume</th>\n",
       "    </tr>\n",
       "  </thead>\n",
       "  <tbody>\n",
       "    <tr>\n",
       "      <td>0</td>\n",
       "      <td>2015-04-16</td>\n",
       "      <td>09:14:00</td>\n",
       "      <td>2407.2</td>\n",
       "      <td>2407.2</td>\n",
       "      <td>2407.2</td>\n",
       "      <td>2407.2</td>\n",
       "      <td>78078</td>\n",
       "    </tr>\n",
       "    <tr>\n",
       "      <td>1</td>\n",
       "      <td>2015-04-16</td>\n",
       "      <td>09:15:00</td>\n",
       "      <td>2426.4</td>\n",
       "      <td>2426.4</td>\n",
       "      <td>2396.2</td>\n",
       "      <td>2424.8</td>\n",
       "      <td>520389</td>\n",
       "    </tr>\n",
       "    <tr>\n",
       "      <td>2</td>\n",
       "      <td>2015-04-16</td>\n",
       "      <td>09:16:00</td>\n",
       "      <td>2424.8</td>\n",
       "      <td>2472.2</td>\n",
       "      <td>2424.8</td>\n",
       "      <td>2464.0</td>\n",
       "      <td>659662</td>\n",
       "    </tr>\n",
       "    <tr>\n",
       "      <td>3</td>\n",
       "      <td>2015-04-16</td>\n",
       "      <td>09:17:00</td>\n",
       "      <td>2463.2</td>\n",
       "      <td>2463.6</td>\n",
       "      <td>2428.6</td>\n",
       "      <td>2433.0</td>\n",
       "      <td>627936</td>\n",
       "    </tr>\n",
       "    <tr>\n",
       "      <td>4</td>\n",
       "      <td>2015-04-16</td>\n",
       "      <td>09:18:00</td>\n",
       "      <td>2434.2</td>\n",
       "      <td>2439.4</td>\n",
       "      <td>2423.8</td>\n",
       "      <td>2428.8</td>\n",
       "      <td>537127</td>\n",
       "    </tr>\n",
       "    <tr>\n",
       "      <td>...</td>\n",
       "      <td>...</td>\n",
       "      <td>...</td>\n",
       "      <td>...</td>\n",
       "      <td>...</td>\n",
       "      <td>...</td>\n",
       "      <td>...</td>\n",
       "      <td>...</td>\n",
       "    </tr>\n",
       "    <tr>\n",
       "      <td>318998</td>\n",
       "      <td>2020-08-13</td>\n",
       "      <td>14:56:00</td>\n",
       "      <td>3235.6</td>\n",
       "      <td>3237.0</td>\n",
       "      <td>3235.2</td>\n",
       "      <td>3235.6</td>\n",
       "      <td>228910</td>\n",
       "    </tr>\n",
       "    <tr>\n",
       "      <td>318999</td>\n",
       "      <td>2020-08-13</td>\n",
       "      <td>14:57:00</td>\n",
       "      <td>3235.8</td>\n",
       "      <td>3236.2</td>\n",
       "      <td>3232.0</td>\n",
       "      <td>3233.4</td>\n",
       "      <td>253959</td>\n",
       "    </tr>\n",
       "    <tr>\n",
       "      <td>319000</td>\n",
       "      <td>2020-08-13</td>\n",
       "      <td>14:58:00</td>\n",
       "      <td>3233.2</td>\n",
       "      <td>3233.2</td>\n",
       "      <td>3230.2</td>\n",
       "      <td>3231.0</td>\n",
       "      <td>383054</td>\n",
       "    </tr>\n",
       "    <tr>\n",
       "      <td>319001</td>\n",
       "      <td>2020-08-13</td>\n",
       "      <td>14:59:00</td>\n",
       "      <td>3231.8</td>\n",
       "      <td>3233.0</td>\n",
       "      <td>3230.4</td>\n",
       "      <td>3232.0</td>\n",
       "      <td>280108</td>\n",
       "    </tr>\n",
       "    <tr>\n",
       "      <td>319002</td>\n",
       "      <td>2020-08-13</td>\n",
       "      <td>15:00:00</td>\n",
       "      <td>3232.2</td>\n",
       "      <td>3232.6</td>\n",
       "      <td>3227.2</td>\n",
       "      <td>3227.2</td>\n",
       "      <td>357172</td>\n",
       "    </tr>\n",
       "  </tbody>\n",
       "</table>\n",
       "<p>319003 rows × 7 columns</p>\n",
       "</div>"
      ],
      "text/plain": [
       "             date      time    open    high     low   close  volume\n",
       "0      2015-04-16  09:14:00  2407.2  2407.2  2407.2  2407.2   78078\n",
       "1      2015-04-16  09:15:00  2426.4  2426.4  2396.2  2424.8  520389\n",
       "2      2015-04-16  09:16:00  2424.8  2472.2  2424.8  2464.0  659662\n",
       "3      2015-04-16  09:17:00  2463.2  2463.6  2428.6  2433.0  627936\n",
       "4      2015-04-16  09:18:00  2434.2  2439.4  2423.8  2428.8  537127\n",
       "...           ...       ...     ...     ...     ...     ...     ...\n",
       "318998 2020-08-13  14:56:00  3235.6  3237.0  3235.2  3235.6  228910\n",
       "318999 2020-08-13  14:57:00  3235.8  3236.2  3232.0  3233.4  253959\n",
       "319000 2020-08-13  14:58:00  3233.2  3233.2  3230.2  3231.0  383054\n",
       "319001 2020-08-13  14:59:00  3231.8  3233.0  3230.4  3232.0  280108\n",
       "319002 2020-08-13  15:00:00  3232.2  3232.6  3227.2  3227.2  357172\n",
       "\n",
       "[319003 rows x 7 columns]"
      ]
     },
     "execution_count": 138,
     "metadata": {},
     "output_type": "execute_result"
    }
   ],
   "source": [
    "data"
   ]
  },
  {
   "cell_type": "code",
   "execution_count": 139,
   "metadata": {},
   "outputs": [
    {
     "data": {
      "text/plain": [
       "str"
      ]
     },
     "execution_count": 139,
     "metadata": {},
     "output_type": "execute_result"
    }
   ],
   "source": [
    "type(data.time[0])"
   ]
  },
  {
   "cell_type": "code",
   "execution_count": 140,
   "metadata": {},
   "outputs": [],
   "source": [
    "def transform_to_timedelta(x):\n",
    "    hour = int(x[0: 2])\n",
    "    minute = int(x[3: 5])\n",
    "    \n",
    "    timedelta_object = timedelta(\n",
    "        hours=hour,\n",
    "        minutes=minute\n",
    "    )\n",
    "    return timedelta_object"
   ]
  },
  {
   "cell_type": "code",
   "execution_count": 141,
   "metadata": {
    "scrolled": true
   },
   "outputs": [],
   "source": [
    "data.time = data.time.apply(\n",
    "    lambda x: transform_to_timedelta(x)\n",
    ")"
   ]
  },
  {
   "cell_type": "code",
   "execution_count": 142,
   "metadata": {},
   "outputs": [
    {
     "data": {
      "text/plain": [
       "pandas._libs.tslibs.timedeltas.Timedelta"
      ]
     },
     "execution_count": 142,
     "metadata": {},
     "output_type": "execute_result"
    }
   ],
   "source": [
    "type(data.time[0])"
   ]
  },
  {
   "cell_type": "code",
   "execution_count": 143,
   "metadata": {},
   "outputs": [
    {
     "data": {
      "text/html": [
       "<div>\n",
       "<style scoped>\n",
       "    .dataframe tbody tr th:only-of-type {\n",
       "        vertical-align: middle;\n",
       "    }\n",
       "\n",
       "    .dataframe tbody tr th {\n",
       "        vertical-align: top;\n",
       "    }\n",
       "\n",
       "    .dataframe thead th {\n",
       "        text-align: right;\n",
       "    }\n",
       "</style>\n",
       "<table border=\"1\" class=\"dataframe\">\n",
       "  <thead>\n",
       "    <tr style=\"text-align: right;\">\n",
       "      <th></th>\n",
       "      <th>date</th>\n",
       "      <th>time</th>\n",
       "      <th>open</th>\n",
       "      <th>high</th>\n",
       "      <th>low</th>\n",
       "      <th>close</th>\n",
       "      <th>volume</th>\n",
       "    </tr>\n",
       "  </thead>\n",
       "  <tbody>\n",
       "    <tr>\n",
       "      <td>0</td>\n",
       "      <td>2015-04-16</td>\n",
       "      <td>09:14:00</td>\n",
       "      <td>2407.2</td>\n",
       "      <td>2407.2</td>\n",
       "      <td>2407.2</td>\n",
       "      <td>2407.2</td>\n",
       "      <td>78078</td>\n",
       "    </tr>\n",
       "    <tr>\n",
       "      <td>1</td>\n",
       "      <td>2015-04-16</td>\n",
       "      <td>09:15:00</td>\n",
       "      <td>2426.4</td>\n",
       "      <td>2426.4</td>\n",
       "      <td>2396.2</td>\n",
       "      <td>2424.8</td>\n",
       "      <td>520389</td>\n",
       "    </tr>\n",
       "    <tr>\n",
       "      <td>2</td>\n",
       "      <td>2015-04-16</td>\n",
       "      <td>09:16:00</td>\n",
       "      <td>2424.8</td>\n",
       "      <td>2472.2</td>\n",
       "      <td>2424.8</td>\n",
       "      <td>2464.0</td>\n",
       "      <td>659662</td>\n",
       "    </tr>\n",
       "    <tr>\n",
       "      <td>3</td>\n",
       "      <td>2015-04-16</td>\n",
       "      <td>09:17:00</td>\n",
       "      <td>2463.2</td>\n",
       "      <td>2463.6</td>\n",
       "      <td>2428.6</td>\n",
       "      <td>2433.0</td>\n",
       "      <td>627936</td>\n",
       "    </tr>\n",
       "    <tr>\n",
       "      <td>4</td>\n",
       "      <td>2015-04-16</td>\n",
       "      <td>09:18:00</td>\n",
       "      <td>2434.2</td>\n",
       "      <td>2439.4</td>\n",
       "      <td>2423.8</td>\n",
       "      <td>2428.8</td>\n",
       "      <td>537127</td>\n",
       "    </tr>\n",
       "    <tr>\n",
       "      <td>...</td>\n",
       "      <td>...</td>\n",
       "      <td>...</td>\n",
       "      <td>...</td>\n",
       "      <td>...</td>\n",
       "      <td>...</td>\n",
       "      <td>...</td>\n",
       "      <td>...</td>\n",
       "    </tr>\n",
       "    <tr>\n",
       "      <td>318998</td>\n",
       "      <td>2020-08-13</td>\n",
       "      <td>14:56:00</td>\n",
       "      <td>3235.6</td>\n",
       "      <td>3237.0</td>\n",
       "      <td>3235.2</td>\n",
       "      <td>3235.6</td>\n",
       "      <td>228910</td>\n",
       "    </tr>\n",
       "    <tr>\n",
       "      <td>318999</td>\n",
       "      <td>2020-08-13</td>\n",
       "      <td>14:57:00</td>\n",
       "      <td>3235.8</td>\n",
       "      <td>3236.2</td>\n",
       "      <td>3232.0</td>\n",
       "      <td>3233.4</td>\n",
       "      <td>253959</td>\n",
       "    </tr>\n",
       "    <tr>\n",
       "      <td>319000</td>\n",
       "      <td>2020-08-13</td>\n",
       "      <td>14:58:00</td>\n",
       "      <td>3233.2</td>\n",
       "      <td>3233.2</td>\n",
       "      <td>3230.2</td>\n",
       "      <td>3231.0</td>\n",
       "      <td>383054</td>\n",
       "    </tr>\n",
       "    <tr>\n",
       "      <td>319001</td>\n",
       "      <td>2020-08-13</td>\n",
       "      <td>14:59:00</td>\n",
       "      <td>3231.8</td>\n",
       "      <td>3233.0</td>\n",
       "      <td>3230.4</td>\n",
       "      <td>3232.0</td>\n",
       "      <td>280108</td>\n",
       "    </tr>\n",
       "    <tr>\n",
       "      <td>319002</td>\n",
       "      <td>2020-08-13</td>\n",
       "      <td>15:00:00</td>\n",
       "      <td>3232.2</td>\n",
       "      <td>3232.6</td>\n",
       "      <td>3227.2</td>\n",
       "      <td>3227.2</td>\n",
       "      <td>357172</td>\n",
       "    </tr>\n",
       "  </tbody>\n",
       "</table>\n",
       "<p>319003 rows × 7 columns</p>\n",
       "</div>"
      ],
      "text/plain": [
       "             date     time    open    high     low   close  volume\n",
       "0      2015-04-16 09:14:00  2407.2  2407.2  2407.2  2407.2   78078\n",
       "1      2015-04-16 09:15:00  2426.4  2426.4  2396.2  2424.8  520389\n",
       "2      2015-04-16 09:16:00  2424.8  2472.2  2424.8  2464.0  659662\n",
       "3      2015-04-16 09:17:00  2463.2  2463.6  2428.6  2433.0  627936\n",
       "4      2015-04-16 09:18:00  2434.2  2439.4  2423.8  2428.8  537127\n",
       "...           ...      ...     ...     ...     ...     ...     ...\n",
       "318998 2020-08-13 14:56:00  3235.6  3237.0  3235.2  3235.6  228910\n",
       "318999 2020-08-13 14:57:00  3235.8  3236.2  3232.0  3233.4  253959\n",
       "319000 2020-08-13 14:58:00  3233.2  3233.2  3230.2  3231.0  383054\n",
       "319001 2020-08-13 14:59:00  3231.8  3233.0  3230.4  3232.0  280108\n",
       "319002 2020-08-13 15:00:00  3232.2  3232.6  3227.2  3227.2  357172\n",
       "\n",
       "[319003 rows x 7 columns]"
      ]
     },
     "execution_count": 143,
     "metadata": {},
     "output_type": "execute_result"
    }
   ],
   "source": [
    "data"
   ]
  },
  {
   "cell_type": "code",
   "execution_count": 144,
   "metadata": {},
   "outputs": [],
   "source": [
    "def get_OHLC(data_under_given_date):\n",
    "    open_price = data_under_given_date.iloc[0, :]['open']\n",
    "    high_price = data_under_given_date.high.max()\n",
    "    low_price = data_under_given_date.low.min()\n",
    "    close_price = data_under_given_date.iloc[-1, ]['close']\n",
    "    volume = data_under_given_date.volume.sum()\n",
    "    \n",
    "    return pd.DataFrame([[\n",
    "        open_price, high_price, low_price, close_price, volume\n",
    "    ]])"
   ]
  },
  {
   "cell_type": "code",
   "execution_count": 145,
   "metadata": {},
   "outputs": [
    {
     "data": {
      "text/plain": [
       "<pandas.core.groupby.generic.DataFrameGroupBy object at 0x000001BC2DD26F28>"
      ]
     },
     "execution_count": 145,
     "metadata": {},
     "output_type": "execute_result"
    }
   ],
   "source": [
    "data.groupby('date')"
   ]
  },
  {
   "cell_type": "code",
   "execution_count": 146,
   "metadata": {},
   "outputs": [
    {
     "data": {
      "text/html": [
       "<div>\n",
       "<style scoped>\n",
       "    .dataframe tbody tr th:only-of-type {\n",
       "        vertical-align: middle;\n",
       "    }\n",
       "\n",
       "    .dataframe tbody tr th {\n",
       "        vertical-align: top;\n",
       "    }\n",
       "\n",
       "    .dataframe thead th {\n",
       "        text-align: right;\n",
       "    }\n",
       "</style>\n",
       "<table border=\"1\" class=\"dataframe\">\n",
       "  <thead>\n",
       "    <tr style=\"text-align: right;\">\n",
       "      <th></th>\n",
       "      <th></th>\n",
       "      <th>0</th>\n",
       "      <th>1</th>\n",
       "      <th>2</th>\n",
       "      <th>3</th>\n",
       "      <th>4</th>\n",
       "    </tr>\n",
       "    <tr>\n",
       "      <th>date</th>\n",
       "      <th></th>\n",
       "      <th></th>\n",
       "      <th></th>\n",
       "      <th></th>\n",
       "      <th></th>\n",
       "      <th></th>\n",
       "    </tr>\n",
       "  </thead>\n",
       "  <tbody>\n",
       "    <tr>\n",
       "      <td>2020-08-07</td>\n",
       "      <td>0</td>\n",
       "      <td>3265.8</td>\n",
       "      <td>3285.4</td>\n",
       "      <td>3208.8</td>\n",
       "      <td>3253.0</td>\n",
       "      <td>52858090</td>\n",
       "    </tr>\n",
       "    <tr>\n",
       "      <td>2020-08-10</td>\n",
       "      <td>0</td>\n",
       "      <td>3250.2</td>\n",
       "      <td>3305.6</td>\n",
       "      <td>3220.0</td>\n",
       "      <td>3279.0</td>\n",
       "      <td>50104247</td>\n",
       "    </tr>\n",
       "    <tr>\n",
       "      <td>2020-08-11</td>\n",
       "      <td>0</td>\n",
       "      <td>3296.2</td>\n",
       "      <td>3335.0</td>\n",
       "      <td>3244.2</td>\n",
       "      <td>3248.8</td>\n",
       "      <td>51737978</td>\n",
       "    </tr>\n",
       "    <tr>\n",
       "      <td>2020-08-12</td>\n",
       "      <td>0</td>\n",
       "      <td>3244.8</td>\n",
       "      <td>3265.0</td>\n",
       "      <td>3192.0</td>\n",
       "      <td>3243.8</td>\n",
       "      <td>50149105</td>\n",
       "    </tr>\n",
       "    <tr>\n",
       "      <td>2020-08-13</td>\n",
       "      <td>0</td>\n",
       "      <td>3258.0</td>\n",
       "      <td>3260.0</td>\n",
       "      <td>3222.0</td>\n",
       "      <td>3227.2</td>\n",
       "      <td>40631387</td>\n",
       "    </tr>\n",
       "  </tbody>\n",
       "</table>\n",
       "</div>"
      ],
      "text/plain": [
       "                   0       1       2       3         4\n",
       "date                                                  \n",
       "2020-08-07 0  3265.8  3285.4  3208.8  3253.0  52858090\n",
       "2020-08-10 0  3250.2  3305.6  3220.0  3279.0  50104247\n",
       "2020-08-11 0  3296.2  3335.0  3244.2  3248.8  51737978\n",
       "2020-08-12 0  3244.8  3265.0  3192.0  3243.8  50149105\n",
       "2020-08-13 0  3258.0  3260.0  3222.0  3227.2  40631387"
      ]
     },
     "execution_count": 146,
     "metadata": {},
     "output_type": "execute_result"
    }
   ],
   "source": [
    "OHLC = data.groupby('date').apply(lambda x: get_OHLC(x))\n",
    "OHLC.tail()"
   ]
  },
  {
   "cell_type": "code",
   "execution_count": 147,
   "metadata": {},
   "outputs": [
    {
     "data": {
      "text/html": [
       "<div>\n",
       "<style scoped>\n",
       "    .dataframe tbody tr th:only-of-type {\n",
       "        vertical-align: middle;\n",
       "    }\n",
       "\n",
       "    .dataframe tbody tr th {\n",
       "        vertical-align: top;\n",
       "    }\n",
       "\n",
       "    .dataframe thead th {\n",
       "        text-align: right;\n",
       "    }\n",
       "</style>\n",
       "<table border=\"1\" class=\"dataframe\">\n",
       "  <thead>\n",
       "    <tr style=\"text-align: right;\">\n",
       "      <th></th>\n",
       "      <th>date</th>\n",
       "      <th>level_1</th>\n",
       "      <th>0</th>\n",
       "      <th>1</th>\n",
       "      <th>2</th>\n",
